250
1273
244 246 29,82
239 240 7,63
238 245 28,72
235 238 27,33
233 240 4,19
232 248 12,69
231 248 9,79
229 249 5,13
228 241 3,98
226 231 10,10
223 242 8,71
223 249 2,57
222 225 29,05
220 247 12,75
219 221 30,34
218 224 29,63
218 227 1,25
217 232 28,02
216 232 29,77
214 219 7,73
214 221 10,24
213 235 3,06
213 238 30,69
212 214 26,17
212 219 29,36
212 221 22,29
212 244 27,96
211 222 13,18
211 225 1,75
210 212 3,68
210 214 30,70
210 219 30,58
210 221 5,46
210 244 19,93
209 211 4,34
209 222 26,11
209 225 24,31
208 226 22,65
208 231 7,97
207 210 9,25
207 212 5,15
207 214 12,84
207 219 12,55
207 221 28,45
207 244 7,50
206 209 23,80
205 207 5,38
205 210 1,96
205 214 18,04
205 219 25,66
205 221 23,99
204 222 19,52
204 225 1,92
204 231 25,64
203 249 1,11
202 204 3,80
202 209 3,27
202 211 6,09
202 222 3,70
202 225 16,56
201 216 29,50
201 217 22,52
201 232 9,84
201 248 22,19
200 203 29,84
200 223 19,24
200 249 18,10
199 237 20,28
198 223 26,16
198 242 27,13
197 230 5,88
196 205 8,89
196 214 21,12
196 219 26,11
195 238 7,85
195 245 15,82
194 220 24,76
193 243 19,40
192 243 12,83
191 202 29,27
191 204 17,02
191 222 4,56
191 225 5,26
191 231 14,97
190 220 8,15
190 247 23,17
189 200 23,35
189 203 11,06
189 220 1,02
189 249 30,93
188 230 10,38
188 233 29,21
188 240 7,36
187 208 8,48
187 226 12,29
187 231 14,72
187 248 18,36
186 189 27,11
186 203 25,00
186 249 3,34
185 201 5,13
185 232 25,15
185 248 4,11
184 188 10,33
184 197 9,27
184 230 26,76
183 215 17,87
182 198 11,60
182 223 27,83
182 242 20,94
181 184 27,53
181 188 18,23
181 196 4,48
181 230 23,09
180 213 14,00
179 193 22,12
179 212 28,39
179 244 4,01
178 236 15,06
177 186 5,58
177 189 7,86
177 203 7,40
177 249 26,98
176 191 17,01
176 202 8,09
176 204 13,04
176 222 3,21
176 225 27,24
175 246 26,97
174 179 6,07
174 192 14,20
174 243 26,19
172 180 8,22
172 197 25,38
172 213 20,70
172 235 26,49
171 172 28,29
171 180 16,66
171 213 22,55
171 235 1,59
171 238 17,00
171 245 11,33
170 182 30,33
170 198 3,04
170 223 21,42
170 229 22,80
170 249 2,42
169 177 7,88
169 186 16,54
169 189 21,96
169 190 23,31
169 220 15,80
168 187 9,03
168 204 17,95
168 208 12,52
168 226 9,59
168 231 21,33
168 248 10,81
167 224 16,09
166 236 7,07
165 171 29,56
165 172 16,39
165 180 13,02
165 191 19,44
165 213 9,72
164 190 13,70
164 194 26,02
164 220 1,82
164 247 5,81
163 202 2,90
163 209 17,07
163 211 22,95
163 222 25,49
163 225 5,03
162 192 19,74
161 169 13,74
161 177 27,31
161 186 23,74
161 189 26,56
161 229 25,74
161 249 16,15
160 168 10,18
160 176 2,31
160 187 10,32
160 191 22,00
160 202 2,13
160 204 23,02
160 225 12,61
160 231 10,49
159 234 11,01
159 239 22,49
158 170 8,02
158 200 28,65
158 203 30,36
158 223 10,45
158 229 2,33
158 249 13,65
157 181 19,35
157 184 22,34
157 188 16,43
157 197 19,89
157 230 25,68
156 196 18,49
156 205 26,67
156 207 24,56
156 210 7,27
156 212 22,44
156 214 28,38
156 219 6,92
156 221 23,87
155 165 12,94
155 171 4,63
155 172 4,62
155 180 4,14
155 197 29,53
155 213 22,55
155 235 8,10
155 238 28,79
154 171 21,89
154 195 30,89
154 235 28,16
154 238 11,37
154 245 20,11
153 228 24,51
153 241 28,11
152 179 16,09
152 207 13,83
152 210 21,85
152 212 17,67
152 221 25,73
152 244 26,59
152 246 19,48
151 168 8,70
151 187 22,23
151 208 29,58
151 226 23,12
151 231 30,95
150 164 24,81
150 169 19,52
150 177 16,11
150 186 19,49
150 189 27,78
150 190 10,24
150 203 10,00
150 220 1,91
149 163 17,82
149 206 11,17
149 209 19,16
149 211 21,53
149 222 29,24
149 225 2,85
148 157 13,84
148 181 19,66
148 184 6,18
148 188 27,09
148 197 19,96
148 230 9,27
147 162 26,43
147 166 12,54
146 218 9,33
146 224 7,73
146 227 11,68
145 146 8,88
144 168 13,10
144 185 27,67
144 187 15,56
144 201 14,30
144 204 14,74
144 231 9,28
144 232 17,04
144 248 2,06
143 152 23,45
143 175 3,21
143 179 24,96
143 193 8,66
143 212 1,44
143 244 18,70
143 246 17,57
142 154 20,32
142 155 18,67
142 165 13,68
142 171 25,53
142 172 10,82
142 180 10,62
142 195 2,87
142 213 18,50
142 235 24,67
142 238 2,65
140 147 19,53
140 162 10,37
139 156 13,27
139 196 5,85
139 205 10,11
139 210 24,44
139 214 14,78
139 219 12,51
139 221 21,38
138 151 20,98
138 188 10,37
138 226 15,88
138 233 17,34
138 239 4,50
138 240 18,40
137 145 30,37
137 146 28,61
137 183 3,76
137 215 16,56
137 218 13,06
137 224 23,92
137 227 9,83
136 159 14,77
136 234 29,60
135 141 24,92
135 181 17,46
135 230 14,88
134 137 12,70
134 145 18,95
134 146 15,42
134 227 8,88
133 166 11,73
132 154 13,80
132 171 23,08
132 235 29,91
132 238 8,65
131 143 8,37
131 179 26,61
131 193 15,76
131 243 17,38
130 194 26,28
130 234 7,50
129 133 18,95
129 147 22,12
129 166 12,22
129 178 27,70
129 236 1,40
128 136 24,25
128 159 23,08
128 173 6,63
128 239 1,26
126 183 26,17
126 215 26,88
125 148 27,28
125 157 5,92
125 172 14,64
125 181 15,68
125 184 13,38
125 197 23,23
125 230 6,29
124 142 23,62
124 155 23,87
124 165 6,64
124 171 30,83
124 172 27,41
124 180 24,36
124 197 21,36
124 213 13,61
124 235 2,39
123 175 23,67
123 246 20,98
122 139 18,68
122 156 11,76
122 196 16,27
122 205 29,52
122 207 10,28
122 210 26,42
122 214 11,00
122 219 14,30
122 221 7,71
121 158 4,36
121 170 16,40
121 182 18,39
121 198 19,70
121 223 14,73
121 242 27,48
120 145 22,14
120 161 16,78
120 229 19,86
119 120 5,73
119 134 6,15
119 137 20,96
119 145 20,45
119 146 30,67
119 227 26,16
118 124 28,82
118 142 27,51
118 151 29,76
118 155 4,71
118 165 26,12
118 172 24,05
118 180 7,74
118 184 9,13
118 197 16,87
118 208 5,63
118 213 7,57
117 140 15,95
117 147 9,69
117 167 11,84
117 178 25,72
117 236 8,41
116 164 26,79
116 190 12,70
116 194 23,28
116 220 9,37
116 247 30,33
115 153 8,09
115 228 27,04
115 241 12,99
114 163 7,98
114 176 23,80
114 191 5,68
114 202 13,35
114 204 28,08
114 209 5,78
114 211 16,12
114 222 10,43
114 225 7,47
113 121 7,83
113 158 3,72
113 170 12,16
113 182 28,23
113 198 28,52
113 223 30,22
113 242 22,64
112 128 19,09
112 136 20,25
112 159 6,02
112 234 11,50
112 239 24,15
110 122 9,62
110 139 15,26
110 156 1,21
110 196 5,75
110 205 13,93
110 207 11,06
110 210 23,98
110 212 18,01
110 214 24,84
110 219 3,58
110 221 26,26
109 126 5,57
109 137 1,86
109 146 22,31
109 183 28,65
109 215 22,68
109 218 12,95
108 110 6,48
108 122 26,94
108 135 29,96
108 139 28,41
108 156 1,25
108 181 2,71
108 196 21,74
108 205 28,07
108 214 23,63
108 219 25,55
107 130 14,13
107 173 15,97
107 200 18,28
107 203 17,15
106 123 26,89
106 131 24,94
106 143 13,02
106 179 11,55
106 193 15,37
106 243 16,31
106 246 4,03
105 106 17,64
105 123 14,96
105 131 15,64
105 143 26,27
105 193 29,43
105 243 22,38
105 246 7,61
104 144 7,57
104 185 17,27
104 201 6,06
104 217 10,31
104 232 20,05
104 248 17,48
103 174 23,28
103 192 29,21
103 243 28,63
102 138 9,36
102 187 18,69
102 226 8,02
102 240 20,49
101 108 6,71
101 110 30,48
101 122 9,40
101 125 30,39
101 139 15,44
101 156 2,12
101 157 24,71
101 181 14,72
101 196 12,82
101 205 28,40
101 214 17,17
101 219 24,38
100 103 20,61
100 133 19,76
100 174 7,74
100 192 9,31
99 129 26,87
99 140 4,13
99 147 3,17
99 162 21,02
98 117 22,95
98 178 10,76
98 236 11,50
97 144 7,33
97 160 8,25
97 168 11,39
97 176 8,74
97 185 29,17
97 191 6,38
97 202 28,56
97 204 28,73
97 225 20,84
97 231 15,99
97 248 4,60
96 199 26,66
96 237 10,40
95 115 1,11
95 153 20,77
95 216 23,14
94 141 2,80
94 198 3,31
94 242 13,05
93 97 15,26
93 144 25,52
93 160 25,02
93 168 7,42
93 176 20,95
93 185 9,86
93 187 26,05
93 191 29,26
93 202 19,62
93 204 23,28
93 226 16,35
93 231 28,16
93 248 6,08
92 122 14,94
92 132 5,46
92 139 18,34
92 171 26,01
92 172 15,07
92 205 6,79
92 235 22,66
91 109 3,76
91 119 25,69
91 134 6,48
91 137 2,28
91 145 19,62
91 146 8,26
91 218 6,13
91 224 20,37
91 227 13,21
90 113 15,38
90 173 13,37
90 233 16,79
90 242 20,24
89 116 5,88
89 127 21,47
89 130 12,85
89 164 27,78
89 194 23,80
88 98 1,41
88 182 21,34
87 111 6,11
87 130 5,64
87 136 15,68
87 194 1,18
87 234 21,22
86 108 13,46
86 135 1,70
86 141 19,04
85 152 18,57
85 175 20,79
85 246 21,09
84 100 3,04
84 103 25,95
84 106 20,74
84 131 20,77
84 174 24,20
84 179 18,89
84 192 8,74
84 193 25,10
84 243 2,27
83 95 16,01
83 104 24,91
83 201 10,88
83 217 5,74
83 232 23,96
82 85 28,07
82 152 14,48
82 175 5,47
82 207 8,83
82 212 25,74
82 244 10,76
82 246 20,40
81 119 29,49
81 134 22,08
81 146 8,10
81 227 9,16
81 229 15,98
80 97 7,35
80 149 15,49
80 202 17,13
80 204 15,75
80 225 22,42
79 84 20,38
79 110 29,10
79 174 14,87
79 179 29,08
79 212 13,95
79 214 7,69
78 112 25,79
78 128 28,04
78 138 26,62
78 159 3,38
78 239 7,67
78 240 13,01
77 78 6,53
77 102 4,98
77 138 16,57
77 151 14,45
77 187 12,97
77 208 1,30
77 226 20,46
77 240 8,10
76 95 17,97
76 115 14,48
76 153 26,67
76 228 6,80
76 241 14,37
75 89 21,88
75 116 21,54
75 164 25,84
75 190 6,96
75 194 24,01
75 220 9,11
75 247 12,27
74 109 16,44
74 126 2,80
74 183 14,54
74 215 15,40
73 120 22,37
73 145 5,50
72 107 6,83
72 150 19,87
72 177 6,41
72 186 17,65
72 189 15,34
72 200 26,37
72 203 7,87
72 220 17,36
72 249 29,53
71 135 12,65
71 148 24,18
71 157 26,39
71 181 3,03
71 184 17,49
71 188 14,93
71 230 16,03
71 233 16,98
71 240 2,23
70 79 30,29
70 84 22,27
70 100 11,53
70 174 2,33
70 179 10,15
70 212 23,81
70 214 11,57
70 244 14,67
69 107 22,84
69 128 9,93
69 173 27,98
68 114 12,44
68 160 20,23
68 165 27,91
68 176 11,90
68 191 5,87
68 202 20,43
68 204 9,85
68 222 30,90
67 83 3,43
67 112 21,58
67 217 3,22
66 149 8,25
66 206 1,11
66 209 10,38
65 71 14,06
65 125 28,50
65 138 29,40
65 148 15,51
65 151 5,47
65 157 13,74
65 181 28,10
65 184 17,82
65 188 10,61
65 197 7,75
65 208 7,81
65 230 9,09
65 240 30,08
64 91 5,08
64 109 9,85
64 119 4,18
64 134 12,22
64 137 4,18
64 145 7,45
64 146 9,18
64 183 19,44
64 215 8,56
64 218 11,93
64 227 7,36
63 96 28,89
63 199 19,43
63 237 14,47
62 71 29,71
62 78 25,19
62 90 8,20
62 128 12,84
62 138 21,87
62 188 8,74
62 233 29,16
62 239 26,73
62 240 11,75
61 87 26,23
61 89 26,91
61 111 20,28
61 130 27,07
61 194 15,66
61 234 20,16
60 63 14,42
60 96 9,42
60 111 19,02
60 199 23,85
60 237 12,70
59 80 20,34
59 97 3,79
59 144 14,86
59 185 29,68
59 204 3,81
59 225 16,06
59 248 14,68
58 68 1,21
58 114 9,39
58 163 21,87
58 176 22,57
58 191 6,10
58 202 3,50
58 204 10,80
58 209 5,19
58 211 7,32
58 222 13,95
57 65 30,25
57 118 1,04
57 125 8,50
57 148 1,54
57 151 26,80
57 157 6,84
57 172 8,90
57 181 4,50
57 184 6,65
57 188 24,57
57 197 7,79
57 208 17,82
57 230 7,40
56 73 2,71
56 119 24,25
56 120 14,88
56 145 28,44
56 161 27,98
55 67 22,43
55 78 1,37
55 112 23,88
55 128 17,83
55 136 27,74
55 159 20,02
55 217 6,89
55 239 7,25
54 99 6,66
54 117 30,66
54 140 6,75
54 147 18,62
53 56 13,06
53 73 7,88
53 81 6,21
53 119 9,61
53 120 13,37
53 134 11,95
53 145 7,88
53 229 20,22
52 77 29,20
52 93 24,85
52 102 20,52
52 151 25,16
52 168 30,12
52 187 26,42
52 208 29,89
52 226 22,19
52 231 12,68
51 70 29,52
51 79 25,96
51 86 24,31
51 110 23,92
51 133 22,13
51 214 29,11
50 59 9,41
50 80 26,76
50 97 23,59
50 104 8,49
50 144 5,01
50 185 28,52
50 201 10,83
50 232 28,03
50 248 21,80
49 59 12,99
49 80 18,72
49 93 28,67
49 97 13,73
49 144 1,16
49 160 10,63
49 176 29,50
49 185 30,04
49 191 28,09
49 202 22,34
49 204 13,45
49 222 15,35
49 225 12,65
49 248 5,58
48 50 24,69
48 83 13,37
48 104 7,15
48 144 13,50
48 185 28,17
48 201 9,07
48 216 3,85
48 217 24,53
48 232 17,05
48 248 1,45
47 64 30,41
47 91 21,92
47 109 30,68
47 137 23,43
47 146 7,73
47 167 27,42
47 218 13,96
47 224 2,94
46 161 15,78
46 169 30,68
46 177 11,67
46 186 10,64
45 48 6,77
45 67 10,41
45 76 27,22
45 83 27,79
45 95 25,93
45 104 26,67
45 217 8,84
45 232 14,69
44 49 4,70
44 59 21,65
44 68 15,60
44 80 7,72
44 93 11,15
44 97 28,86
44 144 14,45
44 160 26,16
44 168 22,92
44 176 18,06
44 185 16,48
44 191 4,72
44 202 2,30
44 204 25,03
44 222 6,01
44 225 6,22
44 231 28,07
44 248 24,62
43 82 10,91
43 152 17,92
43 156 9,47
43 207 12,92
43 210 15,32
43 212 20,36
43 219 23,22
43 221 10,86
43 244 14,36
42 86 6,15
42 101 2,13
42 108 18,29
42 135 27,95
42 141 30,42
42 157 19,18
42 181 19,07
42 196 11,79
41 81 3,85
41 88 30,31
41 121 11,87
41 170 5,97
41 182 28,49
41 198 9,15
40 75 17,31
40 89 20,79
40 116 28,14
40 150 20,02
40 164 9,53
40 190 15,31
40 194 6,54
40 220 2,08
40 247 10,87
39 66 1,22
39 80 19,50
39 149 7,40
39 206 25,16
39 209 13,35
39 211 3,10
38 74 28,37
38 109 13,05
38 126 22,65
38 183 6,83
38 215 25,36
37 76 16,84
37 95 7,92
37 115 22,90
37 153 8,23
37 228 30,92
37 241 15,13
36 41 29,72
36 88 22,28
36 98 27,47
36 182 1,08
35 36 13,86
35 41 5,48
35 88 17,37
35 94 24,35
35 141 30,78
35 198 12,86
34 53 8,74
34 56 28,05
34 73 13,87
34 120 19,30
34 145 13,98
33 58 1,36
33 114 13,71
33 163 2,94
33 222 9,04
32 52 14,68
32 77 14,67
32 93 28,36
32 102 22,94
32 104 14,12
32 144 17,72
32 151 10,64
32 160 19,89
32 168 12,64
32 185 12,65
32 187 25,24
32 201 18,45
32 208 6,54
32 226 28,24
32 231 10,30
32 248 17,92
31 37 22,32
31 115 20,55
31 153 14,74
31 228 2,75
31 241 25,82
30 43 18,77
30 70 8,09
30 79 25,74
30 82 8,76
30 143 1,06
30 152 12,11
30 156 12,06
30 179 17,82
30 207 5,07
30 210 14,88
30 212 13,48
30 214 25,51
30 219 3,74
30 221 29,38
30 244 18,74
29 47 30,90
29 64 8,78
29 91 1,50
29 109 19,53
29 137 23,35
29 146 11,32
29 167 15,94
29 218 20,90
29 224 11,59
29 227 14,34
28 35 13,04
28 41 18,23
28 94 6,43
28 113 7,25
28 121 29,92
28 170 5,81
28 182 12,46
28 198 15,26
28 223 1,32
28 242 18,25
27 62 17,00
27 65 2,53
27 71 9,33
27 138 23,80
27 184 30,66
27 188 14,76
27 230 15,00
27 233 21,00
27 240 24,92
26 55 13,15
26 77 17,38
26 78 12,56
26 102 30,45
26 138 13,00
26 217 12,08
26 226 30,07
26 239 6,09
26 240 2,37
25 60 23,47
25 63 20,78
25 96 9,11
25 111 12,94
25 199 9,35
24 39 28,04
24 66 7,14
24 80 21,42
24 114 21,96
24 149 1,16
24 163 3,19
24 206 9,43
24 209 3,58
24 211 27,51
24 222 2,72
24 225 22,74
23 33 5,74
23 58 1,55
23 68 25,35
23 114 5,84
23 176 29,26
23 195 24,52
23 222 10,38
22 34 17,66
22 53 30,34
22 56 14,44
22 73 22,11
22 120 14,52
22 145 4,26
21 27 18,66
21 62 23,06
21 65 17,62
21 71 20,68
21 138 8,21
21 184 2,26
21 188 24,87
21 230 19,18
21 233 4,28
21 240 15,05
20 40 6,88
20 75 13,93
20 89 18,91
20 116 19,63
20 127 16,82
20 164 21,37
20 190 4,91
20 194 8,22
20 220 27,00
20 247 24,00
19 70 28,55
19 79 20,33
19 84 13,95
19 100 8,35
19 103 6,95
19 174 14,43
19 179 8,67
19 192 24,77
19 243 11,23
18 35 10,87
18 51 19,27
18 86 28,15
18 94 16,46
18 141 22,61
17 41 2,30
17 81 13,61
17 121 14,92
17 134 10,04
17 158 10,26
17 170 28,90
17 182 1,05
17 223 12,60
17 229 30,30
16 54 1,54
16 98 5,67
16 99 24,24
16 117 12,83
16 129 20,97
16 140 19,15
16 147 17,76
16 166 21,83
16 178 6,01
16 236 17,17
15 24 7,24
15 39 24,35
15 49 30,54
15 58 26,51
15 66 11,17
15 80 11,91
15 114 13,02
15 149 18,89
15 163 21,90
15 202 10,52
15 204 28,36
15 209 2,30
15 211 10,23
15 222 12,29
15 225 26,22
14 18 4,86
14 51 9,54
14 86 12,75
14 129 13,34
14 133 27,91
14 166 25,66
13 19 11,00
13 100 27,17
13 103 6,75
13 129 26,41
13 133 28,71
13 162 11,23
13 174 25,14
13 192 7,39
12 28 20,15
12 35 22,04
12 36 14,72
12 41 1,41
12 88 29,62
12 94 5,72
12 113 10,66
12 121 16,40
12 170 15,00
12 182 12,67
12 198 3,36
12 242 16,98
11 30 27,01
11 43 18,28
11 82 28,48
11 85 2,20
11 143 11,23
11 152 24,55
11 175 22,15
11 207 17,51
11 212 18,77
11 244 5,18
11 246 4,12
10 105 18,36
10 106 9,18
10 123 8,37
10 175 18,51
10 246 21,46
9 23 18,34
9 33 15,07
9 58 15,31
9 68 4,10
9 114 14,80
9 142 10,93
9 195 19,25
8 11 1,51
8 30 26,28
8 43 13,53
8 82 1,77
8 85 1,70
8 143 25,68
8 152 17,67
8 179 8,87
8 207 13,54
8 210 2,30
8 212 18,92
8 221 13,26
8 244 19,67
8 246 26,21
7 42 4,48
7 57 21,00
7 65 30,87
7 71 26,61
7 101 28,16
7 125 15,39
7 148 19,30
7 157 26,24
7 181 19,98
7 184 3,08
7 188 11,20
7 197 28,72
7 230 2,52
6 16 14,99
6 54 29,39
6 98 18,63
6 99 9,43
6 117 19,91
6 129 10,07
6 140 3,18
6 147 10,24
6 166 19,56
6 178 5,49
6 236 25,74
5 26 28,70
5 32 11,83
5 55 7,19
5 67 3,89
5 77 21,67
5 102 24,29
5 104 11,98
5 217 28,53
5 226 15,42
4 5 16,40
4 26 5,99
4 55 18,07
4 77 13,97
4 78 10,24
4 112 13,24
4 128 12,31
4 138 5,96
4 159 30,18
4 239 12,62
4 240 19,40
3 37 21,38
3 45 4,87
3 67 16,80
3 76 28,22
3 115 7,76
3 153 18,43
3 228 9,03
3 241 15,16
2 14 23,33
2 18 24,07
2 42 17,66
2 51 2,66
2 79 27,72
2 86 12,30
2 108 8,78
2 110 16,43
2 141 5,06
1 72 15,21
1 107 7,31
1 130 17,93
1 150 3,47
1 164 1,52
1 189 7,37
1 194 23,42
1 200 26,12
1 203 29,98
1 220 2,53
0 15 1,73
0 24 17,15
0 44 30,79
0 49 28,24
0 58 29,86
0 59 1,62
0 68 1,61
0 80 3,90
0 97 18,91
0 114 24,27
0 149 7,00
0 160 8,61
0 163 22,66
0 176 13,09
0 191 1,98
0 202 4,65
0 204 20,00
0 209 25,73
0 211 16,79
0 222 22,60
0 225 1,27